total;domains;roles
3988;['https://usps.aasypnhpnid.top/', 'https://usps.algqxfkgem.top/', 'https://usps.ayqqlseq.top/', 'https://usps.bitvathz.top/', 'https://usps.cslbumiw.top/', 'https://usps.dectckkfkrz.top/', 'https://usps.elewsabzpj.top/', 'https://usps.fjmouodghvu.top/', 'https://usps.gpeytpzdswi.top/', 'https://usps.gxjekrud.top/', 'https://usps.hnwuxchpcvq.top/', 'https://usps.huzptraxzz.top/', 'https://usps.ipkrhedanya.top/', 'https://usps.irugkack.top/', 'https://usps.itkdigzfdg.top/', 'https://usps.jpvqixkpmsu.top/', 'https://usps.jxrzyoawdz.top/', 'https://usps.lcuaeyvyvs.top/', 'https://usps.malzrdku.top/', 'https://usps.muwzphuejs.top/', 'https://usps.nqdjklow.top/', 'https://usps.oraqdsdxrl.top/', 'https://usps.otognluguws.top/', 'https://usps.puhdtegv.top/', 'https://usps.rrdcdzdlbnz.top/', 'https://usps.sgddzhpotlv.top/', 'https://usps.uriuqdgmeu.top/', 'https://usps.vilvwsps.top/', 'https://usps.weokwzoo.top/', 'https://usps.wyyyqoegsxh.top/', 'https://usps.xoqkrnwwmib.top/', 'https://usps.yzpbuwondm.top/'];{'id': '9527', 'username': 'xinsan', 'type': '1', 'desc': '管理员', 'name': '管理员', 'login_time': '2024-02-06 01:00:36'}
